 # Cumulative accessible volume distribution as a function of probe diameter
 # 
 # d(probe)                Volume Fraction
 -0.125000000       1.00000000    
  0.125000000       1.00000000    
  0.375000000       1.00000000    
  0.625000000       1.00000000    
  0.875000000       1.00000000    
   1.12500000       1.00000000    
   1.37500000       1.00000000    
   1.62500000       1.00000000    
   1.87500000       1.00000000    
   2.12500000       1.00000000    
   2.37500000       1.00000000    
   2.62500000       1.00000000    
   2.87500000      0.999190390    
   3.12500000      0.997108519    
   3.37500000      0.978834152    
   3.62500000      0.956627369    
   3.87500000      0.937774718    
   4.12500000      0.913948655    
   4.37500000      0.879828811    
   4.62500000      0.756534815    
   4.87500000      0.742192924    
   5.12500000      0.728197992    
   5.37500000      0.714897037    
   5.62500000      0.705528557    
   5.87500000      0.693615556    
   6.12500000      0.682280838    
   6.37500000      0.669905186    
   6.62500000      0.658686101    
   6.87500000      0.647467017    
   7.12500000      0.639255166    
   7.37500000      0.630696297    
   7.62500000      0.623409688    
   7.87500000      0.614503801    
   8.12500000      0.605829298    
   8.37500000      0.599120975    
   8.62500000      0.589289844    
   8.87500000      0.580499649    
   9.12500000      0.571015477    
   9.37500000      0.562456608    
   9.62500000      0.552162826    
   9.87500000      0.534004152    
   10.1250000      0.503122807    
   10.3750000      0.455933392    
   10.6250000       0.00000000    
   10.8750000       0.00000000    
   11.1250000       0.00000000    
   11.3750000       0.00000000    
   11.6250000       0.00000000    
   11.8750000       0.00000000    
   12.1250000       0.00000000    
   12.3750000       0.00000000    
   12.6250000       0.00000000    
   12.8750000       0.00000000    
   13.1250000       0.00000000    
   13.3750000       0.00000000    
   13.6250000       0.00000000    
   13.8750000       0.00000000    
   14.1250000       0.00000000    
   14.3750000       0.00000000    
   14.6250000       0.00000000    
   14.8750000       0.00000000    
   15.1250000       0.00000000    
   15.3750000       0.00000000    
   15.6250000       0.00000000    
   15.8750000       0.00000000    
   16.1250000       0.00000000    
   16.3750000       0.00000000    
   16.6250000       0.00000000    
   16.8750000       0.00000000    
   17.1250000       0.00000000    
   17.3750000       0.00000000    
   17.6250000       0.00000000    
   17.8750000       0.00000000    
   18.1250000       0.00000000    
   18.3750000       0.00000000    
   18.6250000       0.00000000    
   18.8750000       0.00000000    
   19.1250000       0.00000000    
   19.3750000       0.00000000    
   19.6250000       0.00000000    
