 # Derivative distribution function -dV(r)/dr (or -dV(d)/dd) vs d
  0.125000000      -0.00000000    
  0.375000000      -0.00000000    
  0.625000000      -0.00000000    
  0.875000000      -0.00000000    
   1.12500000      -0.00000000    
   1.37500000      -0.00000000    
   1.62500000      -0.00000000    
   1.87500000      -0.00000000    
   2.12500000      -0.00000000    
   2.37500000      -0.00000000    
   2.62500000       1.61921978E-03
   2.87500000       5.78296185E-03
   3.12500000       4.07124758E-02
   3.37500000       8.09623003E-02
   3.62500000       8.21188688E-02
   3.87500000       8.53574276E-02
   4.12500000      0.115891814    
   4.37500000      0.314827681    
   4.62500000      0.275271773    
   4.87500000       5.66736460E-02
   5.12500000       5.45917749E-02
   5.37500000       4.53388691E-02
   5.62500000       4.25629616E-02
   5.87500000       4.64954376E-02
   6.12500000       4.74207401E-02
   6.37500000       4.71894741E-02
   6.62500000       4.48763371E-02
   6.87500000       3.88618708E-02
   7.12500000       3.35414410E-02
   7.37500000       3.16909552E-02
   7.62500000       3.23849916E-02
   7.87500000       3.51607800E-02
   8.12500000       3.07656527E-02
   8.37500000       3.30789089E-02
   8.62500000       3.72426510E-02
   8.87500000       3.65487337E-02
   9.12500000       3.60860825E-02
   9.37500000       3.77053022E-02
   9.62500000       5.69049120E-02
   9.87500000       9.80800390E-02
   10.1250000      0.156141520    
   10.3750000       1.00624561    
   10.6250000      0.911866784    
   10.8750000      -0.00000000    
   11.1250000      -0.00000000    
   11.3750000      -0.00000000    
   11.6250000      -0.00000000    
   11.8750000      -0.00000000    
   12.1250000      -0.00000000    
   12.3750000      -0.00000000    
   12.6250000      -0.00000000    
   12.8750000      -0.00000000    
   13.1250000      -0.00000000    
   13.3750000      -0.00000000    
   13.6250000      -0.00000000    
   13.8750000      -0.00000000    
   14.1250000      -0.00000000    
   14.3750000      -0.00000000    
   14.6250000      -0.00000000    
   14.8750000      -0.00000000    
   15.1250000      -0.00000000    
   15.3750000      -0.00000000    
   15.6250000      -0.00000000    
   15.8750000      -0.00000000    
   16.1250000      -0.00000000    
   16.3750000      -0.00000000    
   16.6250000      -0.00000000    
   16.8750000      -0.00000000    
   17.1250000      -0.00000000    
   17.3750000      -0.00000000    
   17.6250000      -0.00000000    
   17.8750000      -0.00000000    
   18.1250000      -0.00000000    
   18.3750000      -0.00000000    
   18.6250000      -0.00000000    
   18.8750000      -0.00000000    
   19.1250000      -0.00000000    
   19.3750000      -0.00000000    
