 # Derivative distribution function -dV(r)/dr (or -dV(d)/dd) vs d
  0.125000000      -0.00000000    
  0.375000000      -0.00000000    
  0.625000000      -0.00000000    
  0.875000000      -0.00000000    
   1.12500000      -0.00000000    
   1.37500000      -0.00000000    
   1.62500000      -0.00000000    
   1.87500000      -0.00000000    
   2.12500000      -0.00000000    
   2.37500000       6.90102577E-04
   2.62500000       2.07042694E-03
   2.87500000       5.98120689E-03
   3.12500000       3.95674706E-02
   3.37500000       6.60225153E-02
   3.62500000       6.80929422E-02
   3.87500000       9.17874575E-02
   4.12500000      0.126524091    
   4.37500000      0.320450902    
   4.62500000      0.288014650    
   4.87500000       6.32619858E-02
   5.12500000       5.22199869E-02
   5.37500000       5.36001921E-02
   5.62500000       4.53186035E-02
   5.87500000       4.60087061E-02
   6.12500000       4.55486774E-02
   6.37500000       3.95675898E-02
   6.62500000       3.86472940E-02
   6.87500000       3.40464115E-02
   7.12500000       3.31262350E-02
   7.37500000       3.28962803E-02
   7.62500000       3.05958986E-02
   7.87500000       2.80653238E-02
   8.12500000       2.76051760E-02
   8.37500000       3.03657055E-02
   8.62500000       3.26662064E-02
   8.87500000       3.51967812E-02
   9.12500000       3.51967812E-02
   9.37500000       3.38163376E-02
   9.62500000       4.80791330E-02
   9.87500000       9.17874575E-02
   10.1250000      0.144697428    
   10.3750000       1.02645504    
   10.6250000      0.942028999    
   10.8750000      -0.00000000    
   11.1250000      -0.00000000    
   11.3750000      -0.00000000    
   11.6250000      -0.00000000    
   11.8750000      -0.00000000    
   12.1250000      -0.00000000    
   12.3750000      -0.00000000    
   12.6250000      -0.00000000    
   12.8750000      -0.00000000    
   13.1250000      -0.00000000    
   13.3750000      -0.00000000    
   13.6250000      -0.00000000    
   13.8750000      -0.00000000    
   14.1250000      -0.00000000    
   14.3750000      -0.00000000    
   14.6250000      -0.00000000    
   14.8750000      -0.00000000    
   15.1250000      -0.00000000    
   15.3750000      -0.00000000    
   15.6250000      -0.00000000    
   15.8750000      -0.00000000    
   16.1250000      -0.00000000    
   16.3750000      -0.00000000    
   16.6250000      -0.00000000    
   16.8750000      -0.00000000    
   17.1250000      -0.00000000    
   17.3750000      -0.00000000    
   17.6250000      -0.00000000    
   17.8750000      -0.00000000    
   18.1250000      -0.00000000    
   18.3750000      -0.00000000    
   18.6250000      -0.00000000    
   18.8750000      -0.00000000    
   19.1250000      -0.00000000    
   19.3750000      -0.00000000    
